0.4157 0.0501 0.9081 1.0921
-0.1265 -0.9856 0.1122 0.1267
0.9007 -0.1615 -0.4034 1.1194

0.4254 0.0497 0.9036 1.0914
-0.1287 -0.9850 0.1148 0.1299
0.8958 -0.1651 -0.4126 1.1122

0.4351 0.0493 0.8990 1.0907
-0.1309 -0.9844 0.1173 0.1331
0.8908 -0.1687 -0.4219 1.1049

0.4448 0.0488 0.8943 1.0900
-0.1331 -0.9838 0.1199 0.1364
0.8857 -0.1724 -0.4311 1.0976

0.4545 0.0482 0.8895 1.0891
-0.1353 -0.9832 0.1224 0.1396
0.8804 -0.1759 -0.4403 1.0904

0.4641 0.0475 0.8845 1.0882
-0.1374 -0.9826 0.1249 0.1428
0.8750 -0.1795 -0.4495 1.0832

0.4737 0.0468 0.8794 1.0872
-0.1396 -0.9820 0.1274 0.1461
0.8695 -0.1831 -0.4587 1.0759

0.4833 0.0460 0.8742 1.0862
-0.1417 -0.9814 0.1299 0.1493
0.8639 -0.1866 -0.4678 1.0687

0.4928 0.0451 0.8690 1.0850
-0.1437 -0.9807 0.1324 0.1525
0.8582 -0.1902 -0.4769 1.0616

0.5023 0.0441 0.8636 1.0838
-0.1458 -0.9801 0.1348 0.1558
0.8523 -0.1936 -0.4859 1.0544

0.5117 0.0430 0.8581 1.0825
-0.1479 -0.9794 0.1373 0.1590
0.8463 -0.1971 -0.4948 1.0473

0.5210 0.0419 0.8525 1.0812
-0.1499 -0.9788 0.1397 0.1623
0.8403 -0.2006 -0.5037 1.0402

0.5303 0.0407 0.8468 1.0798
-0.1519 -0.9781 0.1421 0.1655
0.8341 -0.2040 -0.5125 1.0332

0.5395 0.0394 0.8411 1.0783
-0.1539 -0.9775 0.1444 0.1687
0.8278 -0.2073 -0.5213 1.0262

0.5486 0.0380 0.8352 1.0768
-0.1558 -0.9768 0.1468 0.1719
0.8214 -0.2107 -0.5299 1.0193

0.5576 0.0365 0.8293 1.0751
-0.1578 -0.9761 0.1491 0.1752
0.8150 -0.2140 -0.5385 1.0124

0.5665 0.0350 0.8233 1.0735
-0.1597 -0.9755 0.1514 0.1784
0.8084 -0.2173 -0.5470 1.0056

0.5753 0.0334 0.8172 1.0717
-0.1617 -0.9748 0.1537 0.1815
0.8018 -0.2205 -0.5554 0.9988

0.5840 0.0317 0.8111 1.0700
-0.1636 -0.9741 0.1559 0.1847
0.7951 -0.2237 -0.5637 0.9922

0.5926 0.0300 0.8049 1.0681
-0.1655 -0.9735 0.1581 0.1879
0.7883 -0.2269 -0.5719 0.9855

0.6011 0.0282 0.7987 1.0662
-0.1673 -0.9728 0.1603 0.1910
0.7815 -0.2300 -0.5800 0.9790

0.6095 0.0263 0.7924 1.0643
-0.1692 -0.9721 0.1624 0.1941
0.7746 -0.2331 -0.5880 0.9726

0.6177 0.0244 0.7860 1.0623
-0.1711 -0.9714 0.1645 0.1972
0.7676 -0.2361 -0.5959 0.9662

0.6258 0.0224 0.7797 1.0602
-0.1729 -0.9707 0.1666 0.2003
0.7606 -0.2391 -0.6036 0.9599

0.6338 0.0203 0.7733 1.0581
-0.1748 -0.9701 0.1687 0.2034
0.7535 -0.2420 -0.6112 0.9538

0.6416 0.0181 0.7668 1.0560
-0.1766 -0.9694 0.1707 0.2064
0.7464 -0.2449 -0.6187 0.9477

0.6493 0.0160 0.7604 1.0538
-0.1784 -0.9687 0.1727 0.2094
0.7393 -0.2478 -0.6261 0.9417

0.6569 0.0137 0.7539 1.0517
-0.1803 -0.9680 0.1747 0.2124
0.7321 -0.2506 -0.6334 0.9358

0.6643 0.0114 0.7474 1.0494
-0.1821 -0.9673 0.1766 0.2154
0.7250 -0.2534 -0.6405 0.9300

0.6715 0.0090 0.7409 1.0472
-0.1839 -0.9666 0.1785 0.2183
0.7178 -0.2562 -0.6474 0.9244

0.6786 0.0066 0.7344 1.0449
-0.1858 -0.9659 0.1804 0.2212
0.7106 -0.2589 -0.6543 0.9188

0.6856 0.0042 0.7280 1.0426
-0.1876 -0.9652 0.1822 0.2241
0.7034 -0.2615 -0.6609 0.9134

0.6924 0.0017 0.7215 1.0403
-0.1895 -0.9645 0.1841 0.2270
0.6962 -0.2641 -0.6675 0.9081

0.6990 -0.0009 0.7151 1.0380
-0.1913 -0.9638 0.1859 0.2298
0.6890 -0.2667 -0.6739 0.9029

0.7055 -0.0034 0.7087 1.0356
-0.1932 -0.9631 0.1876 0.2326
0.6819 -0.2693 -0.6801 0.8979

0.7118 -0.0061 0.7023 1.0333
-0.1951 -0.9623 0.1894 0.2354
0.6747 -0.2718 -0.6862 0.8930

0.7180 -0.0087 0.6960 1.0309
-0.1969 -0.9616 0.1911 0.2381
0.6676 -0.2743 -0.6921 0.8882

0.7240 -0.0114 0.6898 1.0286
-0.1988 -0.9609 0.1928 0.2408
0.6606 -0.2767 -0.6979 0.8835

0.7298 -0.0141 0.6835 1.0263
-0.2008 -0.9601 0.1945 0.2435
0.6535 -0.2792 -0.7035 0.8790

0.7354 -0.0169 0.6774 1.0239
-0.2027 -0.9594 0.1962 0.2461
0.6466 -0.2816 -0.7090 0.8747

0.7409 -0.0196 0.6713 1.0216
-0.2046 -0.9586 0.1978 0.2488
0.6397 -0.2839 -0.7143 0.8705

0.7462 -0.0224 0.6653 1.0193
-0.2066 -0.9579 0.1995 0.2513
0.6328 -0.2863 -0.7194 0.8664

0.7514 -0.0252 0.6594 1.0170
-0.2086 -0.9571 0.2011 0.2539
0.6261 -0.2886 -0.7244 0.8625

0.7563 -0.0280 0.6536 1.0148
-0.2106 -0.9563 0.2027 0.2564
0.6194 -0.2910 -0.7292 0.8587

0.7611 -0.0309 0.6479 1.0126
-0.2126 -0.9555 0.2043 0.2589
0.6128 -0.2933 -0.7338 0.8551

0.7658 -0.0337 0.6422 1.0103
-0.2147 -0.9547 0.2059 0.2614
0.6062 -0.2956 -0.7383 0.8517

0.7702 -0.0366 0.6367 1.0082
-0.2168 -0.9539 0.2075 0.2638
0.5998 -0.2978 -0.7427 0.8484

0.7746 -0.0394 0.6313 1.0060
-0.2189 -0.9531 0.2090 0.2662
0.5934 -0.3001 -0.7469 0.8452

0.7787 -0.0423 0.6259 1.0039
-0.2210 -0.9523 0.2106 0.2686
0.5871 -0.3024 -0.7509 0.8422

0.7828 -0.0452 0.6207 1.0018
-0.2232 -0.9514 0.2122 0.2710
0.5809 -0.3046 -0.7548 0.8393

0.7867 -0.0481 0.6155 0.9998
-0.2254 -0.9505 0.2138 0.2733
0.5748 -0.3069 -0.7586 0.8366

0.7904 -0.0510 0.6104 0.9978
-0.2276 -0.9497 0.2153 0.2756
0.5687 -0.3091 -0.7623 0.8339

0.7941 -0.0539 0.6054 0.9958
-0.2298 -0.9488 0.2169 0.2779
0.5627 -0.3113 -0.7658 0.8314

0.7976 -0.0568 0.6005 0.9939
-0.2320 -0.9479 0.2185 0.2802
0.5568 -0.3136 -0.7692 0.8290

0.8010 -0.0598 0.5957 0.9919
-0.2343 -0.9469 0.2200 0.2824
0.5509 -0.3158 -0.7725 0.8267

0.8043 -0.0627 0.5909 0.9901
-0.2365 -0.9460 0.2216 0.2847
0.5451 -0.3180 -0.7757 0.8245

0.8075 -0.0656 0.5863 0.9882
-0.2388 -0.9451 0.2232 0.2869
0.5394 -0.3202 -0.7788 0.8225

0.8105 -0.0686 0.5817 0.9864
-0.2411 -0.9441 0.2247 0.2891
0.5338 -0.3224 -0.7818 0.8205

0.8135 -0.0715 0.5771 0.9847
-0.2434 -0.9431 0.2263 0.2913
0.5282 -0.3246 -0.7847 0.8186

0.8164 -0.0744 0.5727 0.9829
-0.2458 -0.9422 0.2279 0.2935
0.5226 -0.3268 -0.7875 0.8168

0.8192 -0.0774 0.5683 0.9813
-0.2481 -0.9412 0.2295 0.2956
0.5171 -0.3290 -0.7902 0.8151

0.8219 -0.0804 0.5640 0.9796
-0.2505 -0.9401 0.2311 0.2978
0.5117 -0.3312 -0.7928 0.8135

0.8245 -0.0833 0.5597 0.9780
-0.2528 -0.9391 0.2326 0.2999
0.5063 -0.3333 -0.7953 0.8119

0.8270 -0.0863 0.5555 0.9764
-0.2552 -0.9381 0.2342 0.3020
0.5009 -0.3355 -0.7978 0.8105

0.8295 -0.0893 0.5514 0.9748
-0.2576 -0.9370 0.2358 0.3042
0.4956 -0.3377 -0.8002 0.8091

0.8318 -0.0922 0.5473 0.9733
-0.2600 -0.9360 0.2374 0.3063
0.4903 -0.3398 -0.8026 0.8077

0.8342 -0.0952 0.5433 0.9718
-0.2624 -0.9349 0.2391 0.3084
0.4851 -0.3420 -0.8048 0.8065

0.8364 -0.0982 0.5393 0.9704
-0.2648 -0.9338 0.2407 0.3105
0.4799 -0.3441 -0.8070 0.8052

0.8386 -0.1012 0.5353 0.9689
-0.2672 -0.9327 0.2423 0.3126
0.4747 -0.3462 -0.8092 0.8041

0.8407 -0.1042 0.5314 0.9675
-0.2696 -0.9316 0.2439 0.3146
0.4696 -0.3483 -0.8113 0.8030

0.8428 -0.1072 0.5275 0.9662
-0.2720 -0.9304 0.2455 0.3167
0.4645 -0.3504 -0.8133 0.8019

0.8448 -0.1102 0.5237 0.9648
-0.2745 -0.9293 0.2471 0.3188
0.4594 -0.3525 -0.8153 0.8009

0.8467 -0.1133 0.5198 0.9635
-0.2769 -0.9281 0.2488 0.3208
0.4543 -0.3546 -0.8172 0.7999

0.8486 -0.1163 0.5161 0.9623
-0.2793 -0.9270 0.2504 0.3229
0.4493 -0.3566 -0.8191 0.7990

0.8505 -0.1193 0.5123 0.9610
-0.2817 -0.9258 0.2520 0.3250
0.4442 -0.3587 -0.8210 0.7980

0.8523 -0.1224 0.5085 0.9598
-0.2841 -0.9246 0.2537 0.3270
0.4392 -0.3607 -0.8228 0.7971

0.8541 -0.1254 0.5048 0.9586
-0.2865 -0.9234 0.2553 0.3291
0.4341 -0.3627 -0.8246 0.7963

0.8558 -0.1285 0.5011 0.9574
-0.2889 -0.9222 0.2569 0.3311
0.4291 -0.3647 -0.8264 0.7954

0.8575 -0.1316 0.4974 0.9563
-0.2913 -0.9210 0.2586 0.3332
0.4241 -0.3666 -0.8281 0.7946

0.8592 -0.1347 0.4937 0.9552
-0.2937 -0.9198 0.2602 0.3352
0.4190 -0.3685 -0.8298 0.7938

0.8608 -0.1378 0.4899 0.9541
-0.2961 -0.9186 0.2618 0.3373
0.4140 -0.3704 -0.8315 0.7930

0.8624 -0.1409 0.4862 0.9530
-0.2984 -0.9174 0.2634 0.3393
0.4089 -0.3723 -0.8332 0.7922

0.8640 -0.1441 0.4825 0.9519
-0.3008 -0.9161 0.2650 0.3414
0.4039 -0.3741 -0.8348 0.7914

0.8655 -0.1472 0.4788 0.9509
-0.3031 -0.9149 0.2667 0.3434
0.3988 -0.3759 -0.8365 0.7906

0.8670 -0.1504 0.4750 0.9499
-0.3055 -0.9136 0.2683 0.3455
0.3937 -0.3777 -0.8381 0.7898

0.8685 -0.1536 0.4713 0.9489
-0.3078 -0.9124 0.2699 0.3476
0.3885 -0.3794 -0.8397 0.7890

0.8700 -0.1568 0.4675 0.9479
-0.3101 -0.9111 0.2714 0.3496
0.3834 -0.3811 -0.8413 0.7881

0.8714 -0.1600 0.4637 0.9469
-0.3124 -0.9099 0.2730 0.3517
0.3782 -0.3828 -0.8429 0.7873

0.8729 -0.1633 0.4599 0.9460
-0.3146 -0.9086 0.2746 0.3537
0.3730 -0.3843 -0.8445 0.7864

0.8743 -0.1665 0.4560 0.9450
-0.3169 -0.9074 0.2761 0.3558
0.3678 -0.3859 -0.8461 0.7855

0.8757 -0.1698 0.4521 0.9441
-0.3191 -0.9061 0.2777 0.3579
0.3625 -0.3874 -0.8477 0.7846

0.8770 -0.1732 0.4481 0.9432
-0.3213 -0.9049 0.2792 0.3600
0.3572 -0.3888 -0.8493 0.7836

0.8784 -0.1765 0.4441 0.9423
-0.3235 -0.9036 0.2807 0.3621
0.3518 -0.3902 -0.8509 0.7827

0.8798 -0.1799 0.4401 0.9414
-0.3257 -0.9024 0.2822 0.3642
0.3464 -0.3916 -0.8525 0.7816

0.8811 -0.1833 0.4360 0.9405
-0.3278 -0.9012 0.2837 0.3663
0.3409 -0.3928 -0.8541 0.7806

0.8824 -0.1867 0.4318 0.9396
-0.3299 -0.8999 0.2851 0.3684
0.3354 -0.3940 -0.8557 0.7794

0.8837 -0.1901 0.4276 0.9387
-0.3320 -0.8987 0.2865 0.3705
0.3298 -0.3952 -0.8573 0.7783

0.8850 -0.1936 0.4233 0.9378
-0.3341 -0.8975 0.2879 0.3726
0.3242 -0.3962 -0.8590 0.7771

0.8863 -0.1971 0.4190 0.9370
-0.3361 -0.8963 0.2893 0.3747
0.3185 -0.3972 -0.8607 0.7758

0.8876 -0.2007 0.4146 0.9361
-0.3381 -0.8951 0.2906 0.3768
0.3128 -0.3982 -0.8624 0.7745

0.8889 -0.2043 0.4101 0.9352
-0.3401 -0.8939 0.2920 0.3790
0.3069 -0.3990 -0.8641 0.7731

0.8901 -0.2079 0.4055 0.9344
-0.3421 -0.8927 0.2932 0.3811
0.3011 -0.3997 -0.8658 0.7716

0.8914 -0.2115 0.4008 0.9335
-0.3440 -0.8916 0.2945 0.3832
0.2951 -0.4004 -0.8675 0.7701

0.8926 -0.2152 0.3961 0.9326
-0.3459 -0.8905 0.2957 0.3854
0.2891 -0.4010 -0.8693 0.7684

0.8939 -0.2190 0.3912 0.9317
-0.3478 -0.8893 0.2969 0.3876
0.2829 -0.4014 -0.8711 0.7668

0.8951 -0.2227 0.3863 0.9309
-0.3496 -0.8882 0.2980 0.3897
0.2767 -0.4018 -0.8729 0.7650

0.8963 -0.2265 0.3812 0.9300
-0.3514 -0.8872 0.2991 0.3919
0.2705 -0.4021 -0.8748 0.7631

0.8975 -0.2304 0.3761 0.9291
-0.3532 -0.8861 0.3001 0.3941
0.2641 -0.4022 -0.8766 0.7612

0.8987 -0.2343 0.3708 0.9281
-0.3550 -0.8850 0.3011 0.3963
0.2577 -0.4023 -0.8785 0.7591

0.8998 -0.2382 0.3655 0.9272
-0.3567 -0.8840 0.3021 0.3985
0.2511 -0.4022 -0.8804 0.7570

0.9010 -0.2422 0.3600 0.9263
-0.3584 -0.8830 0.3030 0.4007
0.2445 -0.4020 -0.8824 0.7548

0.9021 -0.2462 0.3543 0.9253
-0.3601 -0.8821 0.3038 0.4029
0.2378 -0.4017 -0.8844 0.7525

0.9032 -0.2502 0.3486 0.9243
-0.3617 -0.8811 0.3046 0.4051
0.2309 -0.4012 -0.8864 0.7500

0.9043 -0.2544 0.3427 0.9233
-0.3633 -0.8802 0.3053 0.4073
0.2240 -0.4006 -0.8884 0.7475

0.9054 -0.2585 0.3367 0.9223
-0.3649 -0.8793 0.3060 0.4095
0.2170 -0.3999 -0.8905 0.7448

0.9065 -0.2627 0.3306 0.9212
-0.3664 -0.8785 0.3066 0.4118
0.2099 -0.3990 -0.8926 0.7420

0.9075 -0.2669 0.3243 0.9201
-0.3679 -0.8777 0.3071 0.4140
0.2026 -0.3980 -0.8947 0.7392

0.9085 -0.2712 0.3179 0.9190
-0.3694 -0.8769 0.3076 0.4162
0.1953 -0.3969 -0.8969 0.7362

0.9095 -0.2755 0.3113 0.9179
-0.3709 -0.8761 0.3080 0.4185
0.1879 -0.3956 -0.8990 0.7331

0.9104 -0.2799 0.3046 0.9167
-0.3723 -0.8754 0.3083 0.4207
0.1803 -0.3941 -0.9012 0.7298

0.9113 -0.2843 0.2978 0.9155
-0.3737 -0.8747 0.3086 0.4230
0.1727 -0.3925 -0.9034 0.7265

0.9122 -0.2887 0.2908 0.9143
-0.3751 -0.8740 0.3088 0.4252
0.1650 -0.3908 -0.9056 0.7231

0.9130 -0.2932 0.2838 0.9130
-0.3765 -0.8734 0.3089 0.4274
0.1573 -0.3889 -0.9078 0.7196

0.9137 -0.2977 0.2766 0.9117
-0.3779 -0.8728 0.3090 0.4297
0.1494 -0.3868 -0.9100 0.7160

0.9144 -0.3022 0.2693 0.9103
-0.3792 -0.8722 0.3090 0.4319
0.1415 -0.3846 -0.9122 0.7123

0.9151 -0.3067 0.2619 0.9089
-0.3806 -0.8716 0.3089 0.4341
0.1335 -0.3823 -0.9143 0.7086

0.9157 -0.3113 0.2543 0.9075
-0.3819 -0.8711 0.3087 0.4363
0.1254 -0.3798 -0.9165 0.7047

0.9162 -0.3159 0.2467 0.9060
-0.3832 -0.8706 0.3085 0.4385
0.1173 -0.3772 -0.9187 0.7008

0.9166 -0.3205 0.2389 0.9045
-0.3846 -0.8701 0.3082 0.4407
0.1091 -0.3744 -0.9208 0.6968

0.9170 -0.3251 0.2311 0.9030
-0.3859 -0.8697 0.3079 0.4429
0.1009 -0.3715 -0.9229 0.6927

0.9173 -0.3297 0.2231 0.9014
-0.3872 -0.8692 0.3074 0.4451
0.0926 -0.3684 -0.9250 0.6885

0.9176 -0.3343 0.2151 0.8997
-0.3885 -0.8688 0.3069 0.4473
0.0843 -0.3652 -0.9271 0.6843

0.9177 -0.3390 0.2070 0.8980
-0.3898 -0.8684 0.3064 0.4494
0.0759 -0.3618 -0.9291 0.6800

0.9178 -0.3436 0.1987 0.8963
-0.3912 -0.8680 0.3057 0.4515
0.0675 -0.3584 -0.9311 0.6757

0.9179 -0.3483 0.1904 0.8945
-0.3925 -0.8677 0.3050 0.4536
0.0590 -0.3547 -0.9331 0.6713

0.9178 -0.3529 0.1820 0.8927
-0.3939 -0.8674 0.3043 0.4557
0.0505 -0.3509 -0.9350 0.6669

0.9176 -0.3575 0.1735 0.8908
-0.3952 -0.8670 0.3034 0.4578
0.0420 -0.3470 -0.9369 0.6624

0.9174 -0.3622 0.1650 0.8889
-0.3966 -0.8667 0.3025 0.4599
0.0334 -0.3430 -0.9388 0.6578

0.9171 -0.3668 0.1564 0.8869
-0.3980 -0.8664 0.3016 0.4619
0.0249 -0.3388 -0.9405 0.6532

0.9167 -0.3714 0.1477 0.8849
-0.3994 -0.8661 0.3005 0.4639
0.0163 -0.3345 -0.9423 0.6486

0.9161 -0.3760 0.1389 0.8828
-0.4008 -0.8659 0.2994 0.4659
0.0077 -0.3300 -0.9439 0.6439

0.9156 -0.3806 0.1301 0.8807
-0.4022 -0.8656 0.2983 0.4679
-0.0009 -0.3254 -0.9456 0.6392

0.9149 -0.3851 0.1212 0.8785
-0.4037 -0.8653 0.2971 0.4698
-0.0095 -0.3207 -0.9471 0.6345

0.9141 -0.3897 0.1123 0.8763
-0.4051 -0.8651 0.2958 0.4717
-0.0181 -0.3158 -0.9486 0.6297

0.9132 -0.3942 0.1033 0.8740
-0.4066 -0.8648 0.2944 0.4736
-0.0267 -0.3109 -0.9501 0.6250

0.9122 -0.3987 0.0942 0.8717
-0.4081 -0.8646 0.2930 0.4754
-0.0353 -0.3058 -0.9514 0.6202

0.9112 -0.4032 0.0852 0.8693
-0.4097 -0.8644 0.2916 0.4773
-0.0439 -0.3006 -0.9528 0.6153

0.9100 -0.4076 0.0760 0.8669
-0.4113 -0.8641 0.2901 0.4791
-0.0525 -0.2952 -0.9540 0.6105

0.9087 -0.4120 0.0669 0.8644
-0.4129 -0.8639 0.2885 0.4808
-0.0611 -0.2898 -0.9551 0.6057

0.9074 -0.4163 0.0577 0.8619
-0.4145 -0.8637 0.2869 0.4826
-0.0696 -0.2842 -0.9562 0.6008

0.9059 -0.4207 0.0485 0.8593
-0.4162 -0.8634 0.2852 0.4843
-0.0781 -0.2785 -0.9572 0.5960

0.9044 -0.4249 0.0392 0.8567
-0.4179 -0.8632 0.2834 0.4859
-0.0866 -0.2727 -0.9582 0.5911

0.9027 -0.4292 0.0300 0.8540
-0.4196 -0.8629 0.2817 0.4876
-0.0950 -0.2668 -0.9590 0.5863

0.9010 -0.4334 0.0207 0.8512
-0.4214 -0.8626 0.2798 0.4892
-0.1034 -0.2608 -0.9598 0.5814

0.8991 -0.4375 0.0114 0.8484
-0.4232 -0.8624 0.2779 0.4907
-0.1118 -0.2547 -0.9605 0.5766

0.8972 -0.4416 0.0021 0.8456
-0.4250 -0.8621 0.2760 0.4923
-0.1201 -0.2485 -0.9611 0.5718

0.8952 -0.4457 -0.0072 0.8427
-0.4269 -0.8618 0.2741 0.4938
-0.1284 -0.2422 -0.9617 0.5670

0.8930 -0.4497 -0.0166 0.8398
-0.4288 -0.8615 0.2720 0.4952
-0.1366 -0.2358 -0.9621 0.5622

0.8908 -0.4537 -0.0259 0.8368
-0.4307 -0.8611 0.2700 0.4966
-0.1448 -0.2294 -0.9625 0.5574

0.8885 -0.4576 -0.0352 0.8338
-0.4327 -0.8608 0.2679 0.4980
-0.1529 -0.2228 -0.9628 0.5527

0.8861 -0.4614 -0.0445 0.8307
-0.4347 -0.8604 0.2658 0.4994
-0.1609 -0.2162 -0.9630 0.5480

0.8836 -0.4652 -0.0538 0.8276
-0.4368 -0.8601 0.2636 0.5007
-0.1689 -0.2094 -0.9631 0.5433

0.8810 -0.4690 -0.0631 0.8244
-0.4389 -0.8597 0.2614 0.5019
-0.1768 -0.2026 -0.9632 0.5386

0.8783 -0.4726 -0.0723 0.8212
-0.4410 -0.8592 0.2592 0.5032
-0.1847 -0.1958 -0.9631 0.5340

0.8755 -0.4763 -0.0816 0.8180
-0.4432 -0.8588 0.2570 0.5043
-0.1924 -0.1888 -0.9630 0.5294

0.8727 -0.4798 -0.0908 0.8147
-0.4454 -0.8583 0.2547 0.5055
-0.2001 -0.1818 -0.9628 0.5249

0.8697 -0.4833 -0.0999 0.8114
-0.4477 -0.8578 0.2524 0.5066
-0.2077 -0.1748 -0.9624 0.5204

0.8667 -0.4868 -0.1091 0.8080
-0.4500 -0.8573 0.2501 0.5077
-0.2152 -0.1677 -0.9621 0.5159

0.8636 -0.4901 -0.1182 0.8046
-0.4523 -0.8567 0.2478 0.5087
-0.2227 -0.1605 -0.9616 0.5115

0.8604 -0.4934 -0.1272 0.8012
-0.4547 -0.8562 0.2454 0.5097
-0.2300 -0.1533 -0.9610 0.5072

0.8572 -0.4967 -0.1363 0.7977
-0.4571 -0.8556 0.2430 0.5106
-0.2373 -0.1460 -0.9604 0.5029

0.8538 -0.4999 -0.1452 0.7942
-0.4596 -0.8549 0.2407 0.5115
-0.2445 -0.1387 -0.9597 0.4987

0.8504 -0.5030 -0.1542 0.7907
-0.4621 -0.8542 0.2383 0.5124
-0.2515 -0.1314 -0.9589 0.4945

0.8469 -0.5061 -0.1630 0.7871
-0.4646 -0.8535 0.2359 0.5132
-0.2585 -0.1240 -0.9580 0.4904

0.8434 -0.5091 -0.1718 0.7835
-0.4672 -0.8528 0.2335 0.5140
-0.2654 -0.1166 -0.9571 0.4863

0.8398 -0.5120 -0.1806 0.7799
-0.4698 -0.8520 0.2311 0.5148
-0.2722 -0.1092 -0.9560 0.4823

0.8361 -0.5149 -0.1893 0.7763
-0.4724 -0.8512 0.2287 0.5155
-0.2788 -0.1018 -0.9549 0.4784

0.8324 -0.5177 -0.1979 0.7726
-0.4751 -0.8503 0.2263 0.5162
-0.2854 -0.0944 -0.9537 0.4746

0.8286 -0.5205 -0.2064 0.7689
-0.4778 -0.8495 0.2239 0.5168
-0.2919 -0.0869 -0.9525 0.4708

0.8247 -0.5231 -0.2149 0.7652
-0.4805 -0.8485 0.2215 0.5174
-0.2982 -0.0794 -0.9512 0.4671

0.8208 -0.5258 -0.2233 0.7615
-0.4833 -0.8476 0.2192 0.5179
-0.3045 -0.0720 -0.9498 0.4635

0.8168 -0.5283 -0.2316 0.7577
-0.4861 -0.8466 0.2168 0.5185
-0.3106 -0.0645 -0.9483 0.4599

0.8128 -0.5309 -0.2398 0.7540
-0.4889 -0.8455 0.2145 0.5190
-0.3166 -0.0571 -0.9468 0.4565

0.8088 -0.5333 -0.2480 0.7502
-0.4918 -0.8445 0.2122 0.5194
-0.3226 -0.0496 -0.9452 0.4531

0.8046 -0.5357 -0.2560 0.7464
-0.4947 -0.8433 0.2099 0.5198
-0.3284 -0.0422 -0.9436 0.4498

0.8005 -0.5381 -0.2640 0.7426
-0.4976 -0.8422 0.2076 0.5202
-0.3341 -0.0348 -0.9419 0.4466

0.7963 -0.5403 -0.2719 0.7388
-0.5005 -0.8410 0.2054 0.5205
-0.3396 -0.0274 -0.9402 0.4435

0.7921 -0.5426 -0.2797 0.7350
-0.5035 -0.8398 0.2031 0.5209
-0.3451 -0.0201 -0.9384 0.4404

0.7878 -0.5447 -0.2874 0.7311
-0.5065 -0.8385 0.2010 0.5211
-0.3504 -0.0128 -0.9365 0.4375

0.7835 -0.5469 -0.2950 0.7273
-0.5095 -0.8372 0.1988 0.5214
-0.3557 -0.0055 -0.9346 0.4346

0.7792 -0.5490 -0.3025 0.7234
-0.5125 -0.8359 0.1967 0.5216
-0.3608 0.0018 -0.9326 0.4319

0.7748 -0.5510 -0.3099 0.7196
-0.5156 -0.8345 0.1946 0.5218
-0.3658 0.0090 -0.9306 0.4292

0.7704 -0.5529 -0.3173 0.7158
-0.5186 -0.8331 0.1925 0.5219
-0.3708 0.0162 -0.9286 0.4265

0.7660 -0.5549 -0.3246 0.7119
-0.5217 -0.8316 0.1904 0.5221
-0.3756 0.0234 -0.9265 0.4240

0.7616 -0.5567 -0.3317 0.7081
-0.5248 -0.8301 0.1884 0.5222
-0.3803 0.0306 -0.9244 0.4215

0.7571 -0.5586 -0.3389 0.7042
-0.5279 -0.8286 0.1864 0.5223
-0.3849 0.0377 -0.9222 0.4191

0.7526 -0.5603 -0.3459 0.7003
-0.5310 -0.8271 0.1845 0.5223
-0.3894 0.0448 -0.9200 0.4168

0.7481 -0.5621 -0.3528 0.6965
-0.5341 -0.8255 0.1825 0.5224
-0.3938 0.0519 -0.9177 0.4145

0.7435 -0.5637 -0.3597 0.6926
-0.5373 -0.8239 0.1806 0.5224
-0.3982 0.0590 -0.9154 0.4123

0.7389 -0.5653 -0.3665 0.6888
-0.5404 -0.8222 0.1787 0.5224
-0.4024 0.0660 -0.9131 0.4102

0.7344 -0.5669 -0.3733 0.6849
-0.5436 -0.8205 0.1768 0.5224
-0.4065 0.0731 -0.9107 0.4081

0.7297 -0.5684 -0.3799 0.6811
-0.5467 -0.8188 0.1750 0.5224
-0.4105 0.0801 -0.9083 0.4060

0.7251 -0.5699 -0.3865 0.6773
-0.5499 -0.8171 0.1731 0.5223
-0.4145 0.0870 -0.9059 0.4041

0.7205 -0.5713 -0.3931 0.6734
-0.5531 -0.8153 0.1713 0.5223
-0.4183 0.0940 -0.9034 0.4021

0.7158 -0.5727 -0.3995 0.6696
-0.5563 -0.8135 0.1695 0.5222
-0.4221 0.1009 -0.9009 0.4003

0.7111 -0.5740 -0.4060 0.6658
-0.5595 -0.8117 0.1677 0.5221
-0.4258 0.1079 -0.8984 0.3984

0.7064 -0.5753 -0.4123 0.6620
-0.5627 -0.8098 0.1660 0.5220
-0.4294 0.1148 -0.8958 0.3967

0.7017 -0.5765 -0.4186 0.6581
-0.5659 -0.8080 0.1642 0.5219
-0.4329 0.1217 -0.8932 0.3949

0.6969 -0.5777 -0.4249 0.6543
-0.5691 -0.8060 0.1625 0.5218
-0.4363 0.1286 -0.8906 0.3932

0.6922 -0.5789 -0.4310 0.6505
-0.5723 -0.8041 0.1608 0.5216
-0.4397 0.1354 -0.8879 0.3916

0.6874 -0.5799 -0.4372 0.6467
-0.5756 -0.8021 0.1590 0.5215
-0.4429 0.1423 -0.8852 0.3900

0.6827 -0.5810 -0.4433 0.6429
-0.5788 -0.8002 0.1574 0.5213
-0.4461 0.1491 -0.8825 0.3884

0.6779 -0.5819 -0.4493 0.6392
-0.5820 -0.7981 0.1557 0.5212
-0.4492 0.1560 -0.8797 0.3868

0.6731 -0.5829 -0.4553 0.6354
-0.5852 -0.7961 0.1540 0.5210
-0.4522 0.1628 -0.8769 0.3853

0.6682 -0.5837 -0.4612 0.6316
-0.5885 -0.7940 0.1523 0.5208
-0.4551 0.1696 -0.8741 0.3838

0.6634 -0.5846 -0.4671 0.6279
-0.5917 -0.7919 0.1507 0.5207
-0.4580 0.1764 -0.8713 0.3824

0.6586 -0.5853 -0.4729 0.6241
-0.5950 -0.7898 0.1490 0.5205
-0.4608 0.1832 -0.8684 0.3810

0.6537 -0.5860 -0.4787 0.6204
-0.5982 -0.7877 0.1474 0.5203
-0.4635 0.1900 -0.8655 0.3796

0.6489 -0.5867 -0.4845 0.6166
-0.6014 -0.7855 0.1457 0.5201
-0.4661 0.1968 -0.8626 0.3782

0.6440 -0.5873 -0.4902 0.6129
-0.6047 -0.7833 0.1441 0.5199
-0.4686 0.2036 -0.8596 0.3768

0.6391 -0.5879 -0.4959 0.6092
-0.6079 -0.7811 0.1425 0.5198
-0.4711 0.2104 -0.8566 0.3755

0.6343 -0.5884 -0.5015 0.6055
-0.6112 -0.7789 0.1408 0.5196
-0.4735 0.2172 -0.8536 0.3742

0.6294 -0.5888 -0.5072 0.6018
-0.6144 -0.7766 0.1392 0.5194
-0.4758 0.2240 -0.8505 0.3729

0.6245 -0.5892 -0.5127 0.5981
-0.6177 -0.7743 0.1375 0.5192
-0.4781 0.2308 -0.8475 0.3716

0.6196 -0.5895 -0.5183 0.5944
-0.6209 -0.7720 0.1359 0.5190
-0.4802 0.2376 -0.8444 0.3703

0.6146 -0.5898 -0.5238 0.5908
-0.6242 -0.7697 0.1342 0.5189
-0.4823 0.2444 -0.8412 0.3690

0.6097 -0.5900 -0.5293 0.5871
-0.6274 -0.7673 0.1326 0.5187
-0.4843 0.2512 -0.8380 0.3678

0.6048 -0.5902 -0.5347 0.5835
-0.6307 -0.7649 0.1309 0.5185
-0.4863 0.2580 -0.8348 0.3665

0.5999 -0.5903 -0.5401 0.5798
-0.6339 -0.7625 0.1293 0.5184
-0.4881 0.2649 -0.8316 0.3652

0.5949 -0.5903 -0.5455 0.5762
-0.6372 -0.7601 0.1276 0.5182
-0.4899 0.2717 -0.8283 0.3640

0.5900 -0.5903 -0.5509 0.5726
-0.6404 -0.7576 0.1259 0.5180
-0.4917 0.2785 -0.8250 0.3628

0.5850 -0.5902 -0.5562 0.5690
-0.6437 -0.7551 0.1242 0.5179
-0.4933 0.2854 -0.8217 0.3615

0.5801 -0.5901 -0.5615 0.5654
-0.6470 -0.7526 0.1225 0.5178
-0.4949 0.2923 -0.8183 0.3603

0.5751 -0.5898 -0.5668 0.5618
-0.6502 -0.7501 0.1207 0.5176
-0.4964 0.2991 -0.8149 0.3590

0.5702 -0.5896 -0.5721 0.5582
-0.6535 -0.7475 0.1190 0.5175
-0.4978 0.3060 -0.8115 0.3578

0.5652 -0.5892 -0.5773 0.5546
-0.6568 -0.7449 0.1172 0.5174
-0.4991 0.3129 -0.8080 0.3565

0.5603 -0.5888 -0.5826 0.5511
-0.6601 -0.7423 0.1154 0.5173
-0.5004 0.3198 -0.8045 0.3553

0.5553 -0.5883 -0.5878 0.5475
-0.6633 -0.7396 0.1136 0.5172
-0.5016 0.3268 -0.8010 0.3540

0.5504 -0.5878 -0.5930 0.5440
-0.6666 -0.7370 0.1118 0.5171
-0.5027 0.3337 -0.7974 0.3527

0.5454 -0.5872 -0.5981 0.5405
-0.6699 -0.7343 0.1100 0.5170
-0.5037 0.3407 -0.7938 0.3514

0.5404 -0.5865 -0.6033 0.5369
-0.6732 -0.7315 0.1081 0.5170
-0.5047 0.3477 -0.7902 0.3501

0.5355 -0.5858 -0.6084 0.5334
-0.6765 -0.7287 0.1062 0.5169
-0.5056 0.3547 -0.7865 0.3488

0.5305 -0.5849 -0.6135 0.5299
-0.6798 -0.7259 0.1043 0.5169
-0.5064 0.3618 -0.7828 0.3475

0.5256 -0.5840 -0.6186 0.5264
-0.6831 -0.7231 0.1023 0.5168
-0.5071 0.3688 -0.7790 0.3461

0.5206 -0.5831 -0.6237 0.5230
-0.6864 -0.7202 0.1003 0.5168
-0.5077 0.3759 -0.7752 0.3447

0.5156 -0.5820 -0.6288 0.5195
-0.6897 -0.7173 0.0983 0.5168
-0.5083 0.3830 -0.7713 0.3433

0.5107 -0.5809 -0.6339 0.5160
-0.6931 -0.7144 0.0963 0.5168
-0.5088 0.3901 -0.7674 0.3419

0.5057 -0.5797 -0.6389 0.5126
-0.6964 -0.7114 0.0942 0.5169
-0.5091 0.3973 -0.7635 0.3405

0.5008 -0.5784 -0.6439 0.5091
-0.6998 -0.7084 0.0921 0.5169
-0.5094 0.4045 -0.7595 0.3390

0.4959 -0.5770 -0.6490 0.5057
-0.7031 -0.7054 0.0900 0.5170
-0.5097 0.4117 -0.7555 0.3375

0.4909 -0.5756 -0.6540 0.5022
-0.7065 -0.7023 0.0878 0.5170
-0.5098 0.4189 -0.7514 0.3360

0.4860 -0.5741 -0.6590 0.4988
-0.7098 -0.6992 0.0855 0.5171
-0.5098 0.4262 -0.7473 0.3345

0.4811 -0.5725 -0.6639 0.4954
-0.7132 -0.6960 0.0833 0.5172
-0.5098 0.4335 -0.7431 0.3329

0.4762 -0.5708 -0.6689 0.4920
-0.7166 -0.6928 0.0810 0.5173
-0.5096 0.4408 -0.7389 0.3313

0.4713 -0.5690 -0.6739 0.4886
-0.7200 -0.6895 0.0786 0.5175
-0.5094 0.4481 -0.7347 0.3296

0.4664 -0.5671 -0.6788 0.4852
-0.7234 -0.6862 0.0762 0.5176
-0.5090 0.4555 -0.7303 0.3280

0.4616 -0.5652 -0.6838 0.4818
-0.7268 -0.6828 0.0738 0.5178
-0.5086 0.4629 -0.7260 0.3263

0.4567 -0.5631 -0.6887 0.4784
-0.7303 -0.6794 0.0713 0.5180
-0.5081 0.4703 -0.7215 0.3245

0.4518 -0.5610 -0.6936 0.4750
-0.7337 -0.6760 0.0688 0.5182
-0.5075 0.4778 -0.7171 0.3227

0.4470 -0.5588 -0.6985 0.4716
-0.7372 -0.6725 0.0662 0.5184
-0.5067 0.4853 -0.7125 0.3209

0.4422 -0.5565 -0.7034 0.4682
-0.7406 -0.6689 0.0636 0.5186
-0.5059 0.4928 -0.7079 0.3190

0.4374 -0.5541 -0.7083 0.4648
-0.7441 -0.6653 0.0610 0.5188
-0.5050 0.5003 -0.7033 0.3171

0.4326 -0.5516 -0.7131 0.4615
-0.7476 -0.6616 0.0583 0.5191
-0.5039 0.5079 -0.6986 0.3152

0.4279 -0.5491 -0.7179 0.4581
-0.7511 -0.6579 0.0555 0.5193
-0.5028 0.5154 -0.6939 0.3132

0.4232 -0.5464 -0.7227 0.4547
-0.7546 -0.6541 0.0527 0.5196
-0.5016 0.5230 -0.6891 0.3112

0.4185 -0.5437 -0.7275 0.4514
-0.7581 -0.6503 0.0499 0.5199
-0.5002 0.5306 -0.6843 0.3092

0.4138 -0.5409 -0.7322 0.4480
-0.7616 -0.6464 0.0471 0.5202
-0.4988 0.5381 -0.6794 0.3071

0.4092 -0.5381 -0.7369 0.4447
-0.7651 -0.6424 0.0442 0.5205
-0.4972 0.5457 -0.6745 0.3051

0.4046 -0.5351 -0.7416 0.4413
-0.7686 -0.6384 0.0413 0.5208
-0.4956 0.5532 -0.6696 0.3030

0.4001 -0.5321 -0.7462 0.4380
-0.7721 -0.6344 0.0384 0.5211
-0.4938 0.5608 -0.6646 0.3008

0.3955 -0.5290 -0.7508 0.4347
-0.7756 -0.6302 0.0354 0.5214
-0.4919 0.5683 -0.6596 0.2987

0.3911 -0.5259 -0.7553 0.4314
-0.7791 -0.6261 0.0325 0.5217
-0.4900 0.5758 -0.6545 0.2965

0.3866 -0.5226 -0.7598 0.4280
-0.7826 -0.6218 0.0295 0.5220
-0.4879 0.5833 -0.6494 0.2943

0.3823 -0.5194 -0.7643 0.4247
-0.7861 -0.6175 0.0265 0.5223
-0.4857 0.5907 -0.6443 0.2921

0.3779 -0.5160 -0.7687 0.4214
-0.7896 -0.6132 0.0234 0.5226
-0.4834 0.5981 -0.6392 0.2898

0.3736 -0.5126 -0.7731 0.4182
-0.7931 -0.6088 0.0204 0.5229
-0.4811 0.6055 -0.6340 0.2876

0.3694 -0.5092 -0.7774 0.4149
-0.7966 -0.6043 0.0173 0.5232
-0.4786 0.6128 -0.6288 0.2853

0.3652 -0.5057 -0.7816 0.4116
-0.8000 -0.5998 0.0142 0.5235
-0.4760 0.6201 -0.6236 0.2830

0.3611 -0.5021 -0.7858 0.4083
-0.8035 -0.5952 0.0112 0.5238
-0.4734 0.6273 -0.6184 0.2807

0.3570 -0.4985 -0.7900 0.4051
-0.8069 -0.5906 0.0081 0.5241
-0.4706 0.6345 -0.6131 0.2784

0.3530 -0.4949 -0.7940 0.4019
-0.8103 -0.5860 0.0050 0.5244
-0.4677 0.6417 -0.6078 0.2761

0.3490 -0.4912 -0.7981 0.3986
-0.8137 -0.5812 0.0019 0.5247
-0.4648 0.6488 -0.6025 0.2738

0.3451 -0.4875 -0.8021 0.3954
-0.8171 -0.5765 -0.0012 0.5250
-0.4618 0.6558 -0.5973 0.2714

0.3413 -0.4837 -0.8060 0.3922
-0.8205 -0.5717 -0.0043 0.5252
-0.4586 0.6628 -0.5919 0.2691

0.3375 -0.4799 -0.8098 0.3890
-0.8238 -0.5668 -0.0074 0.5255
-0.4554 0.6697 -0.5866 0.2667

0.3338 -0.4761 -0.8136 0.3858
-0.8271 -0.5619 -0.0105 0.5257
-0.4522 0.6765 -0.5813 0.2643

0.3301 -0.4722 -0.8173 0.3827
-0.8304 -0.5569 -0.0136 0.5260
-0.4488 0.6832 -0.5760 0.2620

0.3265 -0.4683 -0.8210 0.3795
-0.8337 -0.5520 -0.0167 0.5262
-0.4453 0.6899 -0.5707 0.2596

0.3230 -0.4644 -0.8246 0.3764
-0.8369 -0.5469 -0.0198 0.5264
-0.4418 0.6965 -0.5654 0.2572

0.3195 -0.4605 -0.8281 0.3732
-0.8402 -0.5419 -0.0228 0.5266
-0.4382 0.7031 -0.5600 0.2549

0.3161 -0.4566 -0.8316 0.3701
-0.8433 -0.5368 -0.0259 0.5268
-0.4346 0.7095 -0.5547 0.2525

0.3128 -0.4526 -0.8350 0.3671
-0.8465 -0.5316 -0.0289 0.5270
-0.4308 0.7159 -0.5494 0.2501

0.3095 -0.4487 -0.8384 0.3640
-0.8496 -0.5265 -0.0319 0.5272
-0.4270 0.7222 -0.5442 0.2478

0.3063 -0.4447 -0.8417 0.3609
-0.8527 -0.5213 -0.0349 0.5274
-0.4232 0.7284 -0.5389 0.2454

0.3032 -0.4407 -0.8449 0.3579
-0.8557 -0.5160 -0.0379 0.5275
-0.4193 0.7345 -0.5336 0.2430

0.3002 -0.4368 -0.8480 0.3549
-0.8587 -0.5108 -0.0409 0.5277
-0.4153 0.7405 -0.5284 0.2407

0.2972 -0.4328 -0.8511 0.3519
-0.8617 -0.5055 -0.0438 0.5278
-0.4113 0.7464 -0.5232 0.2383

0.2943 -0.4288 -0.8541 0.3489
-0.8646 -0.5002 -0.0467 0.5279
-0.4072 0.7522 -0.5180 0.2360

0.2914 -0.4249 -0.8571 0.3459
-0.8675 -0.4949 -0.0496 0.5280
-0.4031 0.7580 -0.5128 0.2337

0.2886 -0.4209 -0.8599 0.3430
-0.8704 -0.4896 -0.0525 0.5281
-0.3989 0.7636 -0.5077 0.2313

0.2859 -0.4170 -0.8628 0.3401
-0.8732 -0.4843 -0.0553 0.5281
-0.3947 0.7692 -0.5026 0.2290

0.2833 -0.4131 -0.8655 0.3372
-0.8759 -0.4789 -0.0581 0.5282
-0.3905 0.7746 -0.4975 0.2267

0.2807 -0.4092 -0.8682 0.3344
-0.8786 -0.4736 -0.0609 0.5282
-0.3863 0.7799 -0.4925 0.2245

0.2782 -0.4053 -0.8708 0.3315
-0.8813 -0.4683 -0.0636 0.5283
-0.3820 0.7852 -0.4875 0.2222

0.2758 -0.4014 -0.8734 0.3287
-0.8839 -0.4629 -0.0664 0.5283
-0.3777 0.7903 -0.4825 0.2199

0.2734 -0.3976 -0.8759 0.3259
-0.8865 -0.4576 -0.0690 0.5283
-0.3733 0.7953 -0.4776 0.2177

0.2711 -0.3938 -0.8783 0.3232
-0.8890 -0.4523 -0.0717 0.5283
-0.3690 0.8002 -0.4727 0.2155

0.2689 -0.3900 -0.8807 0.3205
-0.8915 -0.4469 -0.0743 0.5283
-0.3646 0.8051 -0.4679 0.2133

0.2668 -0.3863 -0.8830 0.3178
-0.8939 -0.4416 -0.0769 0.5282
-0.3603 0.8098 -0.4631 0.2111

0.2647 -0.3826 -0.8852 0.3151
-0.8963 -0.4364 -0.0794 0.5282
-0.3559 0.8144 -0.4584 0.2089

0.2626 -0.3789 -0.8874 0.3125
-0.8986 -0.4311 -0.0819 0.5281
-0.3515 0.8189 -0.4537 0.2068

0.2607 -0.3753 -0.8895 0.3099
-0.9008 -0.4259 -0.0843 0.5280
-0.3472 0.8233 -0.4491 0.2047

0.2588 -0.3717 -0.8916 0.3073
-0.9031 -0.4207 -0.0867 0.5279
-0.3428 0.8276 -0.4445 0.2026

0.2569 -0.3681 -0.8936 0.3048
-0.9052 -0.4155 -0.0891 0.5278
-0.3385 0.8318 -0.4400 0.2006

0.2551 -0.3646 -0.8955 0.3023
-0.9073 -0.4104 -0.0914 0.5277
-0.3342 0.8358 -0.4356 0.1985

0.2534 -0.3612 -0.8974 0.2998
-0.9094 -0.4053 -0.0937 0.5276
-0.3299 0.8398 -0.4312 0.1965

0.2518 -0.3578 -0.8992 0.2974
-0.9114 -0.4002 -0.0959 0.5275
-0.3256 0.8437 -0.4269 0.1945

0.2502 -0.3545 -0.9010 0.2950
-0.9133 -0.3952 -0.0981 0.5273
-0.3213 0.8474 -0.4226 0.1926

0.2486 -0.3512 -0.9027 0.2927
-0.9152 -0.3903 -0.1002 0.5272
-0.3171 0.8511 -0.4185 0.1907

0.2471 -0.3480 -0.9043 0.2904
-0.9171 -0.3854 -0.1023 0.5270
-0.3129 0.8546 -0.4144 0.1888

0.2457 -0.3448 -0.9059 0.2881
-0.9188 -0.3806 -0.1044 0.5268
-0.3088 0.8581 -0.4103 0.1870

0.2443 -0.3417 -0.9075 0.2859
-0.9206 -0.3758 -0.1064 0.5266
-0.3047 0.8614 -0.4064 0.1852

0.2430 -0.3387 -0.9090 0.2838
-0.9223 -0.3711 -0.1083 0.5265
-0.3006 0.8646 -0.4025 0.1834

0.2417 -0.3357 -0.9104 0.2816
-0.9239 -0.3664 -0.1102 0.5263
-0.2966 0.8678 -0.3987 0.1816

0.2405 -0.3328 -0.9118 0.2795
-0.9255 -0.3619 -0.1121 0.5261
-0.2927 0.8708 -0.3950 0.1799

0.2394 -0.3299 -0.9132 0.2775
-0.9270 -0.3574 -0.1138 0.5259
-0.2888 0.8737 -0.3914 0.1783

0.2382 -0.3272 -0.9144 0.2755
-0.9284 -0.3530 -0.1156 0.5256
-0.2850 0.8766 -0.3878 0.1767

0.2372 -0.3245 -0.9157 0.2736
-0.9299 -0.3487 -0.1173 0.5254
-0.2813 0.8793 -0.3844 0.1751

0.2361 -0.3218 -0.9169 0.2717
-0.9312 -0.3445 -0.1189 0.5252
-0.2776 0.8819 -0.3810 0.1736

0.2351 -0.3193 -0.9180 0.2698
-0.9325 -0.3404 -0.1205 0.5250
-0.2740 0.8844 -0.3778 0.1721

0.2342 -0.3168 -0.9191 0.2680
-0.9338 -0.3363 -0.1220 0.5247
-0.2705 0.8869 -0.3746 0.1706

0.2333 -0.3144 -0.9202 0.2663
-0.9350 -0.3324 -0.1235 0.5245
-0.2670 0.8892 -0.3715 0.1692

0.2324 -0.3120 -0.9212 0.2646
-0.9362 -0.3286 -0.1249 0.5243
-0.2637 0.8914 -0.3685 0.1679

0.2316 -0.3098 -0.9222 0.2630
-0.9373 -0.3248 -0.1263 0.5240
-0.2604 0.8936 -0.3656 0.1666

0.2308 -0.3076 -0.9231 0.2614
-0.9384 -0.3212 -0.1276 0.5238
-0.2572 0.8957 -0.3628 0.1653

0.2301 -0.3055 -0.9240 0.2598
-0.9394 -0.3176 -0.1289 0.5236
-0.2541 0.8977 -0.3600 0.1641

0.2294 -0.3034 -0.9248 0.2583
-0.9404 -0.3142 -0.1301 0.5233
-0.2511 0.8996 -0.3574 0.1629

0.2287 -0.3014 -0.9257 0.2569
-0.9414 -0.3108 -0.1313 0.5231
-0.2481 0.9014 -0.3548 0.1617

0.2280 -0.2995 -0.9265 0.2555
-0.9423 -0.3075 -0.1325 0.5229
-0.2452 0.9032 -0.3523 0.1606

0.2274 -0.2976 -0.9272 0.2541
-0.9431 -0.3044 -0.1336 0.5227
-0.2425 0.9049 -0.3499 0.1595

0.2268 -0.2958 -0.9279 0.2528
-0.9440 -0.3013 -0.1347 0.5224
-0.2397 0.9065 -0.3476 0.1585

0.2262 -0.2941 -0.9286 0.2515
-0.9448 -0.2983 -0.1357 0.5222
-0.2371 0.9080 -0.3453 0.1575

0.2257 -0.2924 -0.9293 0.2503
-0.9455 -0.2954 -0.1367 0.5220
-0.2346 0.9095 -0.3432 0.1565

0.2252 -0.2908 -0.9299 0.2491
-0.9463 -0.2926 -0.1376 0.5218
-0.2321 0.9109 -0.3411 0.1556

0.2247 -0.2893 -0.9305 0.2479
-0.9470 -0.2899 -0.1385 0.5216
-0.2297 0.9123 -0.3390 0.1547

0.2242 -0.2878 -0.9311 0.2468
-0.9477 -0.2873 -0.1394 0.5214
-0.2274 0.9136 -0.3371 0.1538

0.2237 -0.2863 -0.9316 0.2457
-0.9483 -0.2847 -0.1402 0.5212
-0.2251 0.9149 -0.3352 0.1529

0.2233 -0.2849 -0.9322 0.2447
-0.9489 -0.2823 -0.1410 0.5210
-0.2229 0.9161 -0.3334 0.1521

0.2229 -0.2836 -0.9327 0.2437
-0.9495 -0.2799 -0.1418 0.5208
-0.2208 0.9172 -0.3316 0.1514

0.2225 -0.2823 -0.9332 0.2427
-0.9501 -0.2776 -0.1426 0.5206
-0.2188 0.9183 -0.3300 0.1506

0.2221 -0.2811 -0.9336 0.2418
-0.9506 -0.2754 -0.1433 0.5204
-0.2169 0.9193 -0.3283 0.1499

0.2218 -0.2799 -0.9341 0.2409
-0.9511 -0.2733 -0.1439 0.5202
-0.2150 0.9203 -0.3268 0.1492

0.2215 -0.2787 -0.9345 0.2401
-0.9516 -0.2713 -0.1446 0.5200
-0.2132 0.9213 -0.3253 0.1486

0.2211 -0.2776 -0.9349 0.2393
-0.9520 -0.2693 -0.1452 0.5199
-0.2115 0.9222 -0.3239 0.1479

0.2208 -0.2766 -0.9353 0.2385
-0.9525 -0.2674 -0.1458 0.5197
-0.2098 0.9230 -0.3225 0.1473

0.2206 -0.2756 -0.9356 0.2378
-0.9529 -0.2656 -0.1464 0.5195
-0.2082 0.9238 -0.3212 0.1467

0.2203 -0.2747 -0.9360 0.2370
-0.9533 -0.2639 -0.1469 0.5194
-0.2067 0.9246 -0.3200 0.1462

0.2200 -0.2737 -0.9363 0.2364
-0.9537 -0.2623 -0.1474 0.5192
-0.2052 0.9254 -0.3188 0.1457

0.2198 -0.2729 -0.9366 0.2357
-0.9540 -0.2607 -0.1479 0.5191
-0.2038 0.9261 -0.3176 0.1452

0.2196 -0.2721 -0.9369 0.2351
-0.9544 -0.2592 -0.1484 0.5190
-0.2024 0.9267 -0.3165 0.1447

0.2193 -0.2713 -0.9372 0.2345
-0.9547 -0.2577 -0.1488 0.5188
-0.2012 0.9274 -0.3155 0.1442

0.2191 -0.2705 -0.9374 0.2339
-0.9550 -0.2564 -0.1493 0.5187
-0.2000 0.9280 -0.3145 0.1438

0.2189 -0.2698 -0.9377 0.2334
-0.9553 -0.2551 -0.1497 0.5186
-0.1988 0.9285 -0.3136 0.1434

0.2188 -0.2691 -0.9379 0.2329
-0.9555 -0.2538 -0.1500 0.5185
-0.1977 0.9290 -0.3127 0.1430

0.2186 -0.2685 -0.9381 0.2324
-0.9558 -0.2527 -0.1504 0.5183
-0.1967 0.9296 -0.3119 0.1426

0.2184 -0.2679 -0.9384 0.2319
-0.9560 -0.2516 -0.1507 0.5182
-0.1957 0.9300 -0.3111 0.1423

0.2183 -0.2673 -0.9386 0.2315
-0.9563 -0.2505 -0.1510 0.5181
-0.1947 0.9305 -0.3103 0.1420

0.2181 -0.2668 -0.9387 0.2311
-0.9565 -0.2495 -0.1513 0.5181
-0.1938 0.9309 -0.3096 0.1416

0.2180 -0.2663 -0.9389 0.2307
-0.9567 -0.2486 -0.1516 0.5180
-0.1930 0.9313 -0.3090 0.1414

0.2179 -0.2658 -0.9391 0.2304
-0.9569 -0.2477 -0.1519 0.5179
-0.1922 0.9317 -0.3083 0.1411

0.2178 -0.2654 -0.9392 0.2300
-0.9570 -0.2469 -0.1521 0.5178
-0.1915 0.9320 -0.3077 0.1408

0.2177 -0.2650 -0.9394 0.2297
-0.9572 -0.2461 -0.1524 0.5177
-0.1908 0.9323 -0.3072 0.1406

0.2176 -0.2646 -0.9395 0.2294
-0.9573 -0.2454 -0.1526 0.5177
-0.1902 0.9326 -0.3067 0.1404

0.2175 -0.2642 -0.9396 0.2292
-0.9575 -0.2447 -0.1528 0.5176
-0.1896 0.9329 -0.3062 0.1402

0.2174 -0.2639 -0.9397 0.2289
-0.9576 -0.2441 -0.1530 0.5175
-0.1890 0.9332 -0.3058 0.1400

0.2173 -0.2636 -0.9398 0.2287
-0.9577 -0.2435 -0.1531 0.5175
-0.1885 0.9334 -0.3054 0.1398

0.2172 -0.2633 -0.9399 0.2285
-0.9578 -0.2430 -0.1533 0.5174
-0.1880 0.9336 -0.3050 0.1396

0.2172 -0.2630 -0.9400 0.2283
-0.9579 -0.2425 -0.1534 0.5174
-0.1876 0.9338 -0.3046 0.1395

0.2171 -0.2628 -0.9401 0.2281
-0.9580 -0.2421 -0.1536 0.5173
-0.1872 0.9340 -0.3043 0.1393

0.2170 -0.2626 -0.9402 0.2279
-0.9581 -0.2416 -0.1537 0.5173
-0.1868 0.9342 -0.3040 0.1392

0.2170 -0.2624 -0.9402 0.2278
-0.9582 -0.2413 -0.1538 0.5173
-0.1865 0.9343 -0.3038 0.1391

0.2169 -0.2622 -0.9403 0.2276
-0.9583 -0.2409 -0.1539 0.5172
-0.1862 0.9345 -0.3035 0.1390

0.2169 -0.2620 -0.9404 0.2275
-0.9583 -0.2406 -0.1540 0.5172
-0.1859 0.9346 -0.3033 0.1389

0.2169 -0.2619 -0.9404 0.2274
-0.9584 -0.2404 -0.1541 0.5172
-0.1857 0.9347 -0.3031 0.1388

0.2168 -0.2618 -0.9405 0.2273
-0.9584 -0.2401 -0.1541 0.5171
-0.1855 0.9348 -0.3030 0.1387

0.2168 -0.2617 -0.9405 0.2272
-0.9585 -0.2399 -0.1542 0.5171
-0.1853 0.9349 -0.3028 0.1387

0.2168 -0.2616 -0.9405 0.2271
-0.9585 -0.2397 -0.1543 0.5171
-0.1851 0.9349 -0.3027 0.1386

0.2168 -0.2615 -0.9406 0.2271
-0.9585 -0.2396 -0.1543 0.5171
-0.1850 0.9350 -0.3026 0.1385

0.2167 -0.2614 -0.9406 0.2270
-0.9586 -0.2394 -0.1543 0.5171
-0.1848 0.9351 -0.3025 0.1385

0.2167 -0.2613 -0.9406 0.2270
-0.9586 -0.2393 -0.1544 0.5171
-0.1847 0.9351 -0.3024 0.1385

0.2167 -0.2613 -0.9406 0.2269
-0.9586 -0.2392 -0.1544 0.5171
-0.1847 0.9352 -0.3023 0.1384

0.2167 -0.2612 -0.9406 0.2269
-0.9586 -0.2391 -0.1544 0.5170
-0.1846 0.9352 -0.3022 0.1384

0.2167 -0.2612 -0.9406 0.2269
-0.9586 -0.2391 -0.1545 0.5170
-0.1845 0.9352 -0.3022 0.1384

0.2167 -0.2612 -0.9407 0.2268
-0.9587 -0.2390 -0.1545 0.5170
-0.1845 0.9352 -0.3022 0.1384

0.2167 -0.2612 -0.9407 0.2268
-0.9587 -0.2390 -0.1545 0.5170
-0.1844 0.9352 -0.3021 0.1384

0.2167 -0.2611 -0.9407 0.2268
-0.9587 -0.2389 -0.1545 0.5170
-0.1844 0.9353 -0.3021 0.1384

0.2167 -0.2611 -0.9407 0.2268
-0.9587 -0.2389 -0.1545 0.5170
-0.1844 0.9353 -0.3021 0.1384

0.2167 -0.2611 -0.9407 0.2268
-0.9587 -0.2389 -0.1545 0.5170
-0.1844 0.9353 -0.3021 0.1383

0.2167 -0.2611 -0.9407 0.2268
-0.9587 -0.2389 -0.1545 0.5170
-0.1844 0.9353 -0.3021 0.1383

0.2167 -0.2611 -0.9407 0.2268
-0.9587 -0.2389 -0.1545 0.5170
-0.1844 0.9353 -0.3021 0.1383

0.2167 -0.2611 -0.9407 0.2268
-0.9587 -0.2389 -0.1545 0.5170
-0.1844 0.9353 -0.3021 0.1383

